%YAML:1.0
---
R1to2: !!opencv-matrix
   rows: 3
   cols: 3
   dt: d
   data: [ 0.999870276263637, -0.000504782960290388,
       0.0160989390533054, 0.000263698956585193,
       0.999887852243430, 0.0149737570062444,
       -0.0161046920907957, -0.0161046920907957,
       0.9999424675829176 ]
t1to2: !!opencv-matrix
   rows: 3
   cols: 1
   dt: d
   data: [ 0.0994421101000389, -0.0000863423480273474,
       0.0390606269352483 ]
