%YAML:1.0
---
K1: !!opencv-matrix
   rows: 3
   cols: 3
   dt: d
   data: [ 532.876948087517, 0., 315.088813797034, 0.,
       533.827379619746, 242.740456186429, 0., 0., 1. ]
dist1: !!opencv-matrix
   rows: 1
   cols: 4
   dt: d
   data: [ -0.00432361862268653, 0.0273765792018686,
       0, 0 ]
K2: !!opencv-matrix
   rows: 3
   cols: 3
   dt: d
   data: [ 845.634545191429, 0., 422.273471994362, 0.,
       846.844153459348, 262.627340669361, 0., 0., 1. ]
dist2: !!opencv-matrix
   rows: 1
   cols: 4
   dt: d
   data: [ -0.121195727103274, 0.165985446789650,
       0, 0 ]
R1to2: !!opencv-matrix
   rows: 3
   cols: 3
   dt: d
   data: [ 0.9999919677946, 0.001303735152,
       -0.0037900687107, -0.00135356376990,
       0.99991229696580, -0.0131744541321,
       0.00377256031123093, 0.01317947841193,
       0.999906030153578 ]
t1to2: !!opencv-matrix
   rows: 3
   cols: 1
   dt: d
   data: [ -0.106747, 0.0942769,
       0.00182279 ]
