%YAML:1.0
---
K1: !!opencv-matrix
   rows: 3
   cols: 3
   dt: d
   data: [ 850.028115806323, 0 , 423.373058003997,
       0, 848.825272788498, 265.403565596056, 0, 0, 1 ]
dist1: !!opencv-matrix
   rows: 1
   cols: 4
   dt: d
   data: [ -0.123040976072085, 0.176447037349210,
       0, 0 ]
K2: !!opencv-matrix
   rows: 3
   cols: 3
   dt: d
   data: [ 536.127551119343, 0., 316.456919698249, 0.,
       534.274934951329, 248.078476912257, 0., 0., 1. ]
dist2: !!opencv-matrix
   rows: 1
   cols: 4
   dt: d
   data: [ -0.005516593305494, 0.009674058511648,
       0, 0 ]
R1to2: !!opencv-matrix
   rows: 3
   cols: 3
   dt: d
   data: [ 0.999988034386729, -0.00227483976238452, 0.00433084142186641,
       0.00221778982051586, 0.999911305678444, 0.0131324858553859,
       -0.00436033160182752, -0.0131227238211192, 0.999904386242923]
t1to2: !!opencv-matrix
   rows: 3
   cols: 1
   dt: d
   data: [0.106259671396428, -0.0958556391796921, -0.00228762536226237]
